0 0.988872
1 0.977295
2 0.966178
3 0.951780
4 0.941812
5 0.930980
6 0.919986
7 0.908961
8 0.899514
9 0.889995
10 0.882929
11 0.876160
12 0.869120
13 0.861392
14 0.855060
15 0.849478
16 0.843444
17 0.838600
18 0.833574
19 0.829335
20 0.825844
21 0.821783
22 0.817185
23 0.814750
24 0.811315
25 0.807164
26 0.804465
27 0.802015
28 0.799112
29 0.796802
30 0.794353
31 0.792294
32 0.789847
33 0.787715
34 0.785842
35 0.783968
36 0.782443
37 0.780966
38 0.779568
39 0.777993
40 0.776279
41 0.775002
42 0.773696
43 0.772095
44 0.770877
45 0.769733
46 0.768195
47 0.766989
48 0.765745
49 0.764570
50 0.763455
51 0.762325
52 0.761302
53 0.760337
54 0.759434
55 0.758538
56 0.757631
57 0.756754
58 0.755885
59 0.754827
60 0.753986
61 0.753173
62 0.752386
63 0.751618
64 0.750836
65 0.750164
66 0.749454
67 0.748684
68 0.747966
69 0.747309
70 0.746676
71 0.746017
72 0.745428
73 0.744851
74 0.744145
75 0.743572
76 0.743041
77 0.742447
78 0.741897
79 0.741353
80 0.740825
81 0.740299
82 0.739729
83 0.739209
84 0.738657
85 0.738111
86 0.737601
87 0.737060
88 0.736566
89 0.736061
90 0.735571
91 0.735088
92 0.734596
93 0.734122
94 0.733598
95 0.733128
96 0.732621
97 0.732171
98 0.731703
99 0.731245
100 0.730785
101 0.730348
102 0.729922
103 0.729520
104 0.729111
105 0.728705
106 0.728291
107 0.727884
108 0.727453
109 0.727015
110 0.726598
111 0.726199
112 0.725810
113 0.725431
114 0.725040
115 0.724690
116 0.724311
117 0.723973
118 0.723579
119 0.723240
120 0.722872
121 0.722540
122 0.722206
123 0.721861
124 0.721514
125 0.721198
126 0.720866
127 0.720540
128 0.720208
129 0.719895
130 0.719577
131 0.719243
132 0.718895
133 0.718583
134 0.718242
135 0.717931
136 0.717630
137 0.717342
138 0.717016
139 0.716711
140 0.716438
141 0.716149
142 0.715874
143 0.715600
144 0.715307
145 0.715053
146 0.714781
147 0.714522
148 0.714265
149 0.714001
150 0.713750
151 0.713499
152 0.713243
153 0.712986
154 0.712734
155 0.712479
156 0.712211
157 0.711977
158 0.711735
159 0.711496
160 0.711263
161 0.711027
162 0.710801
163 0.710560
164 0.710326
165 0.710079
166 0.709850
167 0.709632
168 0.709413
169 0.709200
170 0.708966
171 0.708740
172 0.708522
173 0.708316
174 0.708084
175 0.707873
176 0.707648
177 0.707430
178 0.707217
179 0.707009
180 0.706797
181 0.706586
182 0.706353
183 0.706143
184 0.705923
185 0.705703
186 0.705507
187 0.705305
188 0.705108
189 0.704904
190 0.704709
191 0.704503
192 0.704291
193 0.704092
194 0.703898
195 0.703679
196 0.703474
197 0.703267
198 0.703064
199 0.702873
200 0.702681
201 0.702488
202 0.702289
203 0.702111
204 0.701910
205 0.701725
206 0.701546
207 0.701362
208 0.701182
209 0.700993
210 0.700813
211 0.700626
212 0.700428
213 0.700235
214 0.700054
215 0.699878
216 0.699700
217 0.699525
218 0.699355
219 0.699174
220 0.698998
221 0.698834
222 0.698677
223 0.698501
224 0.698330
225 0.698169
226 0.698014
227 0.697850
228 0.697672
229 0.697505
230 0.697347
231 0.697184
232 0.697019
233 0.696863
234 0.696716
235 0.696567
236 0.696404
237 0.696253
238 0.696092
239 0.695939
240 0.695776
241 0.695614
242 0.695467
243 0.695321
244 0.695179
245 0.695025
246 0.694881
247 0.694731
248 0.694589
249 0.694447
250 0.694299
251 0.694155
252 0.694018
253 0.693865
254 0.693716
255 0.693582
256 0.693434
257 0.693299
258 0.693171
259 0.693032
260 0.692898
261 0.692753
262 0.692614
263 0.692481
264 0.692346
265 0.692203
266 0.692058
267 0.691910
268 0.691767
269 0.691623
270 0.691484
271 0.691347
272 0.691217
273 0.691088
274 0.690965
275 0.690842
276 0.690712
277 0.690587
278 0.690452
279 0.690331
280 0.690207
281 0.690093
282 0.689964
283 0.689845
284 0.689718
285 0.689592
286 0.689467
287 0.689346
288 0.689231
289 0.689107
290 0.688990
291 0.688875
292 0.688758
293 0.688651
294 0.688545
295 0.688433
296 0.688324
297 0.688216
298 0.688101
299 0.687974
300 0.687867
301 0.687764
302 0.687653
303 0.687542
304 0.687442
305 0.687327
306 0.687215
307 0.687105
308 0.686987
309 0.686885
310 0.686776
311 0.686661
312 0.686551
313 0.686442
314 0.686334
315 0.686222
316 0.686107
317 0.685998
318 0.685886
319 0.685787
320 0.685677
321 0.685563
322 0.685448
323 0.685340
324 0.685228
325 0.685120
326 0.685016
327 0.684916
328 0.684808
329 0.684696
330 0.684602
331 0.684496
332 0.684387
333 0.684282
334 0.684179
335 0.684082
336 0.683983
337 0.683881
338 0.683783
339 0.683688
340 0.683587
341 0.683486
342 0.683393
343 0.683290
344 0.683196
345 0.683094
346 0.682993
347 0.682893
348 0.682791
349 0.682694
350 0.682592
351 0.682495
352 0.682391
353 0.682295
354 0.682192
355 0.682101
356 0.682009
357 0.681911
358 0.681816
359 0.681716
360 0.681618
361 0.681513
362 0.681410
363 0.681311
364 0.681212
365 0.681122
366 0.681022
367 0.680931
368 0.680842
369 0.680760
370 0.680670
371 0.680578
372 0.680488
373 0.680402
374 0.680315
375 0.680232
376 0.680146
377 0.680054
378 0.679974
379 0.679885
380 0.679799
381 0.679708
382 0.679627
383 0.679535
384 0.679448
385 0.679362
386 0.679274
387 0.679193
388 0.679111
389 0.679030
390 0.678949
391 0.678868
392 0.678789
393 0.678705
394 0.678631
395 0.678545
396 0.678458
397 0.678376
398 0.678292
399 0.678210
400 0.678130
401 0.678051
402 0.677969
403 0.677891
404 0.677807
405 0.677724
406 0.677641
407 0.677550
408 0.677463
409 0.677372
410 0.677285
411 0.677203
412 0.677116
413 0.677027
414 0.676938
415 0.676848
416 0.676756
417 0.676672
418 0.676589
419 0.676508
420 0.676423
421 0.676335
422 0.676251
423 0.676168
424 0.676087
425 0.676003
426 0.675923
427 0.675841
428 0.675762
429 0.675684
430 0.675612
431 0.675533
432 0.675456
433 0.675382
434 0.675302
435 0.675226
436 0.675152
437 0.675079
438 0.675010
439 0.674935
440 0.674864
441 0.674787
442 0.674711
443 0.674635
444 0.674564
445 0.674499
446 0.674421
447 0.674352
448 0.674285
449 0.674219
450 0.674150
451 0.674078
452 0.674008
453 0.673938
454 0.673870
455 0.673801
456 0.673730
457 0.673664
458 0.673594
459 0.673527
460 0.673459
461 0.673389
462 0.673317
463 0.673250
464 0.673186
465 0.673118
466 0.673046
467 0.672977
468 0.672912
469 0.672845
470 0.672781
471 0.672716
472 0.672650
473 0.672586
474 0.672522
475 0.672459
476 0.672396
477 0.672332
478 0.672271
479 0.672206
480 0.672146
481 0.672077
482 0.672011
483 0.671947
484 0.671878
485 0.671814
486 0.671746
487 0.671677
488 0.671612
489 0.671546
490 0.671478
491 0.671412
492 0.671346
493 0.671280
494 0.671219
495 0.671156
496 0.671090
497 0.671024
498 0.670957
499 0.670891
500 0.670824
501 0.670757
502 0.670689
503 0.670623
504 0.670559
505 0.670496
506 0.670432
507 0.670368
508 0.670301
509 0.670239
510 0.670174
511 0.670111
512 0.670048
513 0.669985
514 0.669923
515 0.669859
516 0.669797
517 0.669732
518 0.669670
519 0.669608
520 0.669546
521 0.669484
522 0.669422
523 0.669354
524 0.669288
525 0.669226
526 0.669159
527 0.669098
528 0.669032
529 0.668971
530 0.668903
531 0.668839
532 0.668773
533 0.668709
534 0.668639
535 0.668580
536 0.668514
537 0.668455
538 0.668391
539 0.668326
540 0.668259
541 0.668195
542 0.668132
543 0.668074
544 0.668014
545 0.667954
546 0.667898
547 0.667836
548 0.667778
549 0.667721
550 0.667664
551 0.667607
552 0.667549
553 0.667491
554 0.667432
555 0.667371
556 0.667312
557 0.667252
558 0.667191
559 0.667129
560 0.667069
561 0.667007
562 0.666947
563 0.666887
564 0.666827
565 0.666769
566 0.666714
567 0.666654
568 0.666596
569 0.666537
570 0.666481
571 0.666425
572 0.666370
573 0.666314
574 0.666263
575 0.666206
576 0.666151
577 0.666093
578 0.666037
579 0.665982
580 0.665922
581 0.665861
582 0.665804
583 0.665744
584 0.665686
585 0.665629
586 0.665571
587 0.665512
588 0.665452
589 0.665396
590 0.665339
591 0.665280
592 0.665222
593 0.665164
594 0.665108
595 0.665049
596 0.664991
597 0.664935
598 0.664877
599 0.664822
600 0.664764
601 0.664706
602 0.664651
603 0.664595
604 0.664539
605 0.664484
606 0.664427
607 0.664370
608 0.664313
609 0.664260
610 0.664209
611 0.664157
612 0.664105
613 0.664057
614 0.664009
615 0.663963
616 0.663916
617 0.663864
618 0.663816
619 0.663765
620 0.663715
621 0.663668
622 0.663621
623 0.663575
624 0.663525
625 0.663482
626 0.663439
627 0.663394
628 0.663351
629 0.663304
630 0.663261
631 0.663214
632 0.663165
633 0.663117
634 0.663069
635 0.663023
636 0.662976
637 0.662930
638 0.662884
639 0.662839
640 0.662791
641 0.662744
642 0.662695
643 0.662649
644 0.662601
645 0.662551
646 0.662506
647 0.662460
648 0.662411
649 0.662360
650 0.662313
651 0.662264
652 0.662216
653 0.662168
654 0.662124
655 0.662073
656 0.662023
657 0.661974
658 0.661926
659 0.661879
660 0.661834
661 0.661791
662 0.661744
663 0.661697
664 0.661649
665 0.661602
666 0.661559
667 0.661517
668 0.661470
669 0.661425
670 0.661380
671 0.661332
672 0.661283
673 0.661240
674 0.661197
675 0.661152
676 0.661106
677 0.661060
678 0.661018
679 0.660973
680 0.660924
681 0.660881
682 0.660837
683 0.660789
684 0.660740
685 0.660694
686 0.660648
687 0.660600
688 0.660552
689 0.660504
690 0.660459
691 0.660415
692 0.660367
693 0.660322
694 0.660279
695 0.660237
696 0.660195
697 0.660150
698 0.660103
699 0.660056
700 0.660009
701 0.659962
702 0.659921
703 0.659876
704 0.659831
705 0.659788
706 0.659747
707 0.659704
708 0.659661
709 0.659619
710 0.659579
711 0.659535
712 0.659496
713 0.659457
714 0.659412
715 0.659369
716 0.659326
717 0.659287
718 0.659244
719 0.659203
720 0.659161
721 0.659117
722 0.659075
723 0.659032
724 0.658992
725 0.658947
726 0.658907
727 0.658865
728 0.658823
729 0.658780
730 0.658741
731 0.658698
732 0.658654
733 0.658611
734 0.658570
735 0.658531
736 0.658489
737 0.658448
738 0.658404
739 0.658364
740 0.658321
741 0.658281
742 0.658236
743 0.658192
744 0.658151
745 0.658111
746 0.658069
747 0.658028
748 0.657987
749 0.657945
750 0.657899
751 0.657858
752 0.657813
753 0.657772
754 0.657733
755 0.657692
756 0.657648
757 0.657608
758 0.657568
759 0.657526
760 0.657484
761 0.657442
762 0.657404
763 0.657364
764 0.657323
765 0.657281
766 0.657242
767 0.657199
768 0.657158
769 0.657115
770 0.657076
771 0.657038
772 0.657003
773 0.656965
774 0.656921
775 0.656882
776 0.656842
777 0.656799
778 0.656762
779 0.656722
780 0.656685
781 0.656648
782 0.656610
783 0.656572
784 0.656529
785 0.656491
786 0.656453
787 0.656414
788 0.656376
789 0.656338
790 0.656295
791 0.656255
792 0.656216
793 0.656174
794 0.656137
795 0.656099
796 0.656062
797 0.656023
798 0.655987
799 0.655947
800 0.655907
801 0.655870
802 0.655831
803 0.655794
804 0.655753
805 0.655717
806 0.655680
807 0.655643
808 0.655605
809 0.655569
810 0.655534
811 0.655494
812 0.655460
813 0.655425
814 0.655388
815 0.655351
816 0.655318
817 0.655280
818 0.655244
819 0.655210
820 0.655174
821 0.655140
822 0.655104
823 0.655073
824 0.655039
825 0.655002
826 0.654968
827 0.654933
828 0.654896
829 0.654859
830 0.654826
831 0.654792
832 0.654760
833 0.654726
834 0.654693
835 0.654663
836 0.654628
837 0.654594
838 0.654561
839 0.654527
840 0.654491
841 0.654453
842 0.654418
843 0.654383
844 0.654347
845 0.654310
846 0.654274
847 0.654240
848 0.654202
849 0.654164
850 0.654126
851 0.654087
852 0.654051
853 0.654014
854 0.653981
855 0.653945
856 0.653913
857 0.653878
858 0.653841
859 0.653805
860 0.653770
861 0.653737
862 0.653703
863 0.653670
864 0.653638
865 0.653601
866 0.653568
867 0.653533
868 0.653501
869 0.653467
870 0.653434
871 0.653401
872 0.653365
873 0.653330
874 0.653295
875 0.653258
876 0.653224
877 0.653188
878 0.653153
879 0.653120
880 0.653086
881 0.653052
882 0.653017
883 0.652984
884 0.652951
885 0.652915
886 0.652879
887 0.652845
888 0.652811
889 0.652778
890 0.652746
891 0.652712
892 0.652680
893 0.652648
894 0.652615
895 0.652585
896 0.652551
897 0.652519
898 0.652485
899 0.652452
900 0.652424
901 0.652392
902 0.652359
903 0.652326
904 0.652291
905 0.652262
906 0.652231
907 0.652201
908 0.652170
909 0.652140
910 0.652109
911 0.652077
912 0.652045
913 0.652015
914 0.651986
915 0.651955
916 0.651927
917 0.651896
918 0.651867
919 0.651837
920 0.651807
921 0.651777
922 0.651749
923 0.651722
924 0.651694
925 0.651666
926 0.651637
927 0.651609
928 0.651583
929 0.651555
930 0.651528
931 0.651501
932 0.651473
933 0.651444
934 0.651414
935 0.651385
936 0.651356
937 0.651329
938 0.651302
939 0.651273
940 0.651243
941 0.651213
942 0.651182
943 0.651153
944 0.651125
945 0.651098
946 0.651070
947 0.651043
948 0.651016
949 0.650991
950 0.650963
951 0.650937
952 0.650909
953 0.650881
954 0.650853
955 0.650826
956 0.650798
957 0.650770
958 0.650744
959 0.650715
960 0.650687
961 0.650658
962 0.650628
963 0.650601
964 0.650574
965 0.650549
966 0.650523
967 0.650494
968 0.650468
969 0.650441
970 0.650413
971 0.650383
972 0.650354
973 0.650326
974 0.650300
975 0.650275
976 0.650248
977 0.650220
978 0.650193
979 0.650167
980 0.650141
981 0.650113
982 0.650085
983 0.650057
984 0.650029
985 0.650002
986 0.649975
987 0.649949
988 0.649924
989 0.649899
990 0.649871
991 0.649845
992 0.649820
993 0.649795
994 0.649769
995 0.649744
996 0.649717
997 0.649691
998 0.649665
999 0.649639
